# Sun 22:25:17 26-Jun-2016
begin	identify first_wavecal - Ap 1
	id	first_wavecal
	task	identify
	image	first_wavecal - Ap 1
	aperture	1
	aplow	111.46
	aphigh	131.3
	units	Angstroms
	features	12
	         34.91  9112.5373   9125.471   4.0 1 1 
	         57.38 9672.16176   9660.435   4.0 1 1 
	        148.41 12136.1564  12115.639   4.0 1 1 
	        217.32 14082.1894  14097.493   4.0 1 1 
	        251.35 15033.1604  15050.615   4.0 1 1 
	        322.18 16944.1205  16945.211   4.0 1 1 
	        360.70 17929.6655  17919.521   4.0 1 1 
	        447.44 19986.4712   19971.18   4.0 1 1 
	        493.67 20994.0433  20991.839   4.0 1 1 
	        519.45 21533.4896  21540.084   4.0 1 1 
	        598.40 23120.8703  23139.516   4.0 1 1 
	        641.91 23985.1963  23973.058   4.0 1 1 
	function legendre
	order 5
	sample *
	naverage 1
	niterate 0
	low_reject 3.
	high_reject 3.
	grow 0.
	coefficients	9
		2.
		5.
		34.90530395507813
		641.9145507812499
		17026.69695634148
		7578.764796438079
		-590.8047223798067
		-142.4353043558761
		112.9745595571073

# Sun 22:25:17 26-Jun-2016
begin	identify first_wavecal - Ap 2
	id	first_wavecal
	task	identify
	image	first_wavecal - Ap 2
	aperture	2
	aplow	111.46
	aphigh	131.3
	units	Angstroms
	features	12
	         34.91  9112.5373   9125.471   4.0 1 1 
	         57.38 9672.16176   9660.435   4.0 1 1 
	        148.41 12136.1564  12115.639   4.0 1 1 
	        217.32 14082.1894  14097.493   4.0 1 1 
	        251.35 15033.1604  15050.615   4.0 1 1 
	        322.18 16944.1205  16945.211   4.0 1 1 
	        360.70 17929.6655  17919.521   4.0 1 1 
	        447.44 19986.4712   19971.18   4.0 1 1 
	        493.67 20994.0433  20991.839   4.0 1 1 
	        519.45 21533.4896  21540.084   4.0 1 1 
	        598.40 23120.8703  23139.516   4.0 1 1 
	        641.91 23985.1963  23973.058   4.0 1 1 
	function legendre
	order 5
	sample *
	naverage 1
	niterate 0
	low_reject 3.
	high_reject 3.
	grow 0.
	coefficients	9
		2.
		5.
		34.90530395507813
		641.9145507812499
		17026.69695634148
		7578.764796438079
		-590.8047223798067
		-142.4353043558761
		112.9745595571073

